FPs = 42
39 : 50675
48 : 42135
38 : 15596
32 : 15167
41 : 14945
65 : 4472
89 : 3837
225 : 3257
170 : 3099
237 : 3032
36 : 2936
110 : 2794
310 : 2594
101 : 2237
475 : 2167
271 : 2094
413 : 1880
438 : 1863
1327 : 1786
147 : 1779
310, 39 : 1852
110, 38 : 2725
36, 38 : 2790
36, 39 : 2037
237, 39 : 1929
170, 38 : 3031
170, 39 : 2059
225, 39 : 2351
89, 48 : 2798
89, 39 : 2749
65, 39 : 2787
65, 48 : 2529
41, 38 : 3897
41, 39 : 11414
41, 32 : 3196
41, 48 : 9018
32, 48 : 8034
32, 39 : 8455
32, 38 : 2833
38, 39 : 10345
38, 48 : 7944
48, 39 : 29142
